%YAML:1.0
height: 480
width: 640
distortion_model: plumb_bob
D: [ -2.6726414012001260e-03, -1.6131578783395581e-01,
    -6.2870930890288248e-03, 9.3218680876458616e-03, 0. ]
camMatrix: !!opencv-matrix
   rows: 3
   cols: 3
   dt: d
   data: [ 7.6356189571287291e+02, 0., 3.7204786123243184e+02, 0.,
       7.3168554306285125e+02, 2.1304052660929403e+02, 0., 0., 1. ]
sterRect: !!opencv-matrix
   rows: 3
   cols: 3
   dt: d
   data: [ 9.8356038597950868e-01, -5.2305711083674286e-03,
       1.8050376244754635e-01, 7.0352733065867290e-03,
       9.9993145110447879e-01, -9.3593814749080885e-03,
       -1.8044243420365833e-01, 1.0475410157675762e-02,
       9.8352976249866841e-01 ]
project: !!opencv-matrix
   rows: 3
   cols: 4
   dt: d
   data: [ 1.0854577846424456e+03, 0., 2.4219588279724121e+01,
       -2.7400275178060707e+02, 0., 1.0854577846424456e+03,
       2.2050321960449219e+02, 0., 0., 0., 1., 0. ]
binning_x: 0
binning_y: 0
roi_h: 0
roi_w: 0
