%YAML:1.0
height: 480
width: 640
distortion_model: plumb_bob
D: [ 9.1409067160784729e-02, 1.8345767864672097e-02,
    -1.1435124616858231e-02, 3.5591398177447636e-03, 0. ]
camMatrix: !!opencv-matrix
   rows: 3
   cols: 3
   dt: d
   data: [ 8.2906642386532769e+02, 0., 3.6883085030842432e+02, 0.,
       7.9545358250657250e+02, 2.4530762901703665e+02, 0., 0., 1. ]
sterRect: !!opencv-matrix
   rows: 3
   cols: 3
   dt: d
   data: [ 8.4467608520939885e-01, -3.7151321626851079e-02,
       5.3398697584932053e-01, 3.1612316632911475e-02,
       9.9930957433168210e-01, 1.9520145648349335e-02,
       -5.3434349674383153e-01, 3.9236514943458145e-04,
       8.4526733850135516e-01 ]
project: !!opencv-matrix
   rows: 3
   cols: 4
   dt: d
   data: [ 1.0854577846424456e+03, 0., 2.4219588279724121e+01, 0., 0.,
       1.0854577846424456e+03, 2.2050321960449219e+02, 0., 0., 0., 1.,
       0. ]
binning_x: 0
binning_y: 0
roi_h: 0
roi_w: 0
